133,4
133,3
133,2
133,1
133,0
132,3
132,2
132,1
132,0
131,4
131,3
131,2
131,1
131,0
130,3
130,2
130,1
130,0
129,4
129,3
129,2
129,1
129,0
128,5
128,4
128,3
128,2
128,1
128,0
127,5
127,4
127,3
127,2
127,1
127,0
126,5
126,4
126,3
126,2
126,1
126,0
125,4
125,3
125,2
125,1
125,0
124,4
124,3
124,2
124,1
124,0
0,535
123,4
123,3
123,2
123,1
123,0
122,3
122,2
122,1
122,0
121,4
121,3
121,2
121,1
121,0
120,3
120,2
120,1
120,0
119,4
119,3
119,2
119,1
119,0
118,5
118,4
118,3
118,2
118,1
118,0
117,5
117,4
117,3
117,2
117,1
117,0
116,5
116,4
116,3
116,2
116,1
116,0
115,4
115,3
115,2
115,1
115,0
114,4
114,3
114,2
114,1
114,0
0,534
113,4
113,3
113,2
113,1
113,0
112,3
112,2
112,1
112,0
111,4
111,3
111,2
111,1
111,0
110,3
110,2
110,1
110,0
109,4
109,3
109,2
109,1
109,0
108,5
108,4
108,3
108,2
108,1
108,0
107,5
107,4
107,3
107,2
107,1
107,0
106,5
106,4
106,3
106,2
106,1
106,0
105,4
105,3
105,2
105,1
105,0
104,4
104,3
104,2
104,1
104,0
103,4
103,3
103,2
103,1
103,0
102,3
102,2
102,1
102,0
101,4
101,3
101,2
101,1
101,0
